目   录一、财务会计报告二、风险管理与资本充足率三、公司治理情况四、业务范围五、分支行一览及联系方式2017首都银行（中国）有限公司 2017 年度报告0审计报告安永华明(2018)审字第60928836_B01号 
首都银行(中国)有限公司一、财务会计报告首都银行(中国)有限公司董事会：一、审计意见我们审计了首都银行(中国)有限公司的财务报表，包括2017年12月31日的资产负债表，2017年度的利润表、所有者权益变动表和现金流量表以及财务报表附注。我们认为，后附的首都银行(中国)有限公司的财务报表在所有重大方面按照企业会
计准则的规定编制，公允反映了首都银行(中国)有限公司2017年12月31日的财务状况以
及2017年度的经营成果和现金流量。二、形成审计意见的基础我们按照中国注册会计师审计准则的规定执行了审计工作。审计报告的“注册会计
师对财务报表审计的责任”部分进一步阐述了我们在这些准则下的责任。按照中国注册
会计师职业道德守则，我们独立于首都银行(中国)有限公司，并履行了职业道德方面的
其他责任。我们相信，我们获取的审计证据是充分、适当的，为发表审计意见提供了基
础。 
 
三、管理层和治理层对财务报表的责任 
 
首都银行(中国)有限公司管理层（以下简称管理层）负责按照企业会计准则的规定
编制财务报表，使其实现公允反映，并设计、执行和维护必要的内部控制，以使财务报
表不存在由于舞弊或错误导致的重大错报。在编制财务报表时，管理层负责评估首都银行(中国)有限公司的持续经营能力，披
露与持续经营相关的事项（如适用），并运用持续经营假设，除非计划进行清算、终止
运营或别无其他现实的选择。治理层负责监督首都银行(中国)有限公司的财务报告过程。 
 
四、注册会计师对财务报表审计的责任 
 
我们的目标是对财务报表整体是否不存在由于舞弊或错误导致的重大错报获取合
理保证，并出具包含审计意见的审计报告。合理保证是高水平的保证，但并不能保证按
照审计准则执行的审计在某一重大错报存在时总能发现。错报可能由于舞弊或错误导
致，如果合理预期错报单独或汇总起来可能影响财务报表使用者依据财务报表作出的经
济决策，则通常认为错报是重大的。首都银行（中国）有限公司 2017 年度报告1首都银行（中国）有限公司 2017 年度报告2首都银行(中国)有限公司资产负债表2017年12月31日人民币元资产 
  现金及存放中央银行款项 
  存放同业款项 
  拆出资金 
  以公允价值计量且其变动计入当期损益的金融资产衍生金融资产 
  买入返售金融资产 
  应收利息 
  发放贷款和垫款 
  可供出售金融资产 
  应收款项类投资 
  固定资产 
  递延所得税资产 
  其他资产 
 
资产总计 
 
负债 
  同业存放款项 
  拆入资金 
  吸收存款 
  应付职工薪酬 
  应交税费 
  应付利息 
  其他流动负债 
 
 
负债合计 
 
所有者权益 
  实收资本 
  资本公积 
  其他综合收益 
  盈余公积 
  一般风险准备 
  未分配利润 
 
所有者权益合计 
 
负债和所有者权益总计2017年12月31日2016年12月31日837,880,857.44 
 
 
496,823,931.37 
  2,344,367,700.00877,904,951.40 
 
 
864,866,851.64 
  2,575,285,500.0079,699,850.00 
10,925.26 
135,000,000.00 
29,447,991.91 
2,378,210,110.79 
723,407,261.93 
99,000,000.00 
14,163,155.87 
13,410,150.50 
40,740,601.70- 
 
- 
 
100,000,000.00 
 
 
41,727,201.31 
  2,075,453,559.30 
418,878,897.67 
 
 
189,353,039.11 
12,435,495.36 
 
11,237,099.52 
 
 
46,638,379.787,192,162,536.777,213,780,975.0918,335,368.80 
 
 
930,254,430.00 
  4,610,261,013.33 
11,214,907.47 
 
 
2,448,397.86 
23,583,481.41 
 
 
3,035,828.9812,364,038.84 
 
 
742,960,000.00 
  4,820,759,286.26 
8,634,968.40 
 
 
5,610,669.51 
23,166,268.22 
 
 
1,961,563.575,599,133,427.855,615,456,794.801,500,000,000.00 
 
453,890.00 
(15,261,271.77) 
 
9,035,864.58 
 
93,982,383.23 
 
 
4,818,242.881,500,000,000.00 
 
453,890.00 
(5,334,662.91) 
 
8,572,710.83 
 
48,815,136.71 
 
 
45,817,105.661,593,029,108.921,598,324,180.297,192,162,536.777,213,780,975.09首都银行（中国）有限公司 2017 年度报告3首都银行(中国)有限公司利润表2017 年度 
人民币元2017年2016年99,053,820.83 
196,349,389.29 
(97,295,568.46)12,254,684.23 
14,493,128.36 
(2,238,444.13)27,887,349.14 
(91,791.31) 
(19,642,222.69) 
4,594.17119,466,434.37(592,143.41) 
(107,344,317.25) 
(8,262,195.50) 
(220.00)(116,198,876.16)3,267,558.211,301,096.18 
(14.42)4,568,639.9762,897.524,631,537.4965,995,387.38 
178,971,297.59 
(112,975,910.21)9,753,100.99 
11,355,329.96 
(1,602,228.97)28,485,893.06 
(1,300,120.00) 
29,286,361.06 
930.00132,221,552.49(3,068,625.97) 
(110,608,685.17) 
(11,434,764.43) 
(13,912.61)(125,125,988.18)7,095,564.31285,966.95 
-7,381,531.26(1,907,174.53)5,474,356.73(7,395,995.26)(1,921,638.53)一、营业收入利息净收入 
  利息收入 
  利息支出 
 
手续费及佣金净收入 
  手续费及佣金收入 
  手续费及佣金支出 
 
投资收益 
公允价值变动损益 
汇兑(损失)/收益 
资产处置收益 
 
营业收入合计二、营业支出税金及附加 
业务及管理费 
资产减值损失 
其他业务支出 
 
营业支出合计三、营业利润加：营业外收入 
减：营业外支出四、利润总额减：所得税费用五、净利润 
 
六、其他综合收益以后将重分类进损益的其他综合收益 
可供出售金融资产公允价值变动七、综合收益总额(9,926,608.86)(5,295,071.37)首都银行（中国）有限公司 2017 年度报告4首都银行(中国)有限公司所有者权益变动表2017 年度 
人民币元实收资本资本公积    其他综合收益    盈余公积一般风险准备未分配利润合计1,500,000,000.00453,890.00    (5,334,662.91)    8,572,710.83    48,815,136.71    45,817,105.661,598,324,180.29--- 
--    (9,926,608.86)    463,153.75    45,167,246.52(40,998,862.78)(5,295,071.37)-    (9,926,608.86)--4,631,537.49(5,295,071.37)-   
--    463,153.75 
-   
-(463,153.75)   
  45,167,246.52   (45,167,246.52)-- 
-1,500,000,000.00453,890.00   (15,261,271.77)    9,035,864.58    93,982,383.23    4,818,242.88    1,593,029,108.92实收资本资本公积    其他综合收益    盈余公积一般风险准备未分配利润合计1,500,000,000.00453,890.00    2,061,332.358,025,275.16    48,815,136.71    40,890,184.601,600,245,818.82-    (7,395,995.26)    547,435.67-4,926,921.06(1,921,638.53)2017年度 
 
一、本年年初余额 
 
二、本年增减变动金额(一)  综合收益总额 
(二)  利润分配1.  提取盈余公积 
 
2.  提取一般风险准备三、本年年末余额 
 
 
 
2016年度 
 
一、本年年初余额 
 
二、本年增减变动金额(一)  综合收益总额 
(二)  利润分配1.  提取盈余公积三、本年年末余额----    (7,395,995.26)---    547,435.671,500,000,000.00453,890.00    (5,334,662.91)    8,572,710.83    48,815,136.71-5,474,356.73(1,921,638.53)-(547,435.67)- 
  45,817,105.66    1,598,324,180.29首都银行（中国）有限公司 2017 年度报告5首都银行(中国)有限公司现金流量表 
2017 年度 
人民币元2017年2016年一、经营活动产生的现金流量存放中央银行及同业款项净减少额 
发放贷款和垫款净减少额 
吸收存款和同业存放款项净增加额 
向其他金融机构拆出资金净减少额 
向其他金融机构拆入资金净增加额 
收取利息、手续费及佣金的现金 
收取其他与经营活动有关现金经营活动现金流入小计 
 
存放中央银行及同业款项净增加额 
发放贷款和垫款净增加额 
吸收存款和同业存放款项净减少额 
向其他金融机构拆出资金净增加额 
支付利息、手续费及佣金的现金 
支付给职工及为职工支付的现金 
支付的各项税费 
支付其他与经营活动有关的现金经营活动现金流出小计 
 
经营活动产生的现金流量净额二、投资活动产生的现金流量收回投资所收到的现金 
取得投资收益收到的现金 
处置固定资产收回的现金净额投资活动现金流入小计 
 
投资支付的现金 
购建固定资产、无形资产和其他长期资产支付的现金投资活动现金流出小计 
 
投资活动产生的现金流量净额三、筹资活动产生的现金流量筹资活动产生的现金流量净额四、汇率变动对现金及现金等价物的影响 
 
五、现金及现金等价物净(减少)/增加额加：年初现金及现金等价物余额58,173,446.57 
- 
- 
515,561,800.00 
187,294,430.00 
230,018,138.35 
64,106,143.60- 
262,391,513.62 
959,117,683.09 
- 
579,341,723.08 
177,751,516.33 
287,816.951,055,153,958.521,978,890,253.07- 
(314,145,613.88) 
(204,526,942.97) 
- 
(99,167,549.49) 
(65,767,228.38) 
(8,367,992.33) 
(31,071,008.97)(723,046,336.02)332,107,622.50(153,272,163.60)- 
-(816,144,400.00)   
(118,214,264.98)   
(65,140,836.50)   
(14,674,742.69)   
(31,681,554.75)(1,199,127,962.52)779,762,290.552,766,078,955.34 
27,235,297.12 
 
 
21,572.823,360,355,998.24 
32,631,476.11 
 
 
2,906.582,793,335,825.283,392,990,380.93(3,069,722,455.50)(6,432,018.81)(3,076,154,474.31)(282,818,649.03)-(80,474,676.00)(3,232,660,961.94)(4,498,771.81)(3,237,159,733.75)155,830,647.18-79,734,510.73(31,185,702.53) 
  2,639,274,477.961,015,327,448.46 
 
1,623,947,029.50六、年末现金及现金等价物余额首都银行（中国）有限公司 2017 年度报告2,608,088,775.432,639,274,477.966二、风险管理与资本管理 
 
1.1.11.22.2.1风险管理概述 
 
风险概述 
 
本行从事的各种经营活动使本行面临各种类型的风险，本行目前面临的主要风
险包括：信用风险、流动性风险、市场风险和操作风险，其中市场风险包括外
汇风险和利率风险。 
 
本行从事风险管理的目标是将风险对本行经营业绩的负面影响降低到最低水
平，使本行的利益最大化。基于该风险管理目标，本行风险管理的基本策略是
确定和分析本行所面临的各种风险，建立适当的风险承受底线，并及时可靠地
对各种风险进行监控。 
 
风险管理架构 
 
本行董事会根据业务目标负责制定本行整体风险管理战略，通过各董事会下属
委员会及管理层委员会监督控制本行整体经营活动及业务风险。董事会下属委
员会包括执行委员会、风险管理委员会、审计委员会、关联交易控制委员会和
提名及薪酬委员会。管理层委员会包括信贷委员会、资产负债委员会、科技管
理委员会和反洗钱委员会。 
 
信用风险 
 
信用风险管理 
 
信用风险是指借款人或交易对手无法履行到期合同约定的义务所承担的潜在损
失。本行表内资产的信用风险主要来自于发放贷款、债券投资和其他授信。表
外项目的信用风险主要来自于银行承兑汇票、开出信用证款项、开出保函和信
用证保兑。本行管理层对上述信用风险实施密切的监控与管理。 
 
本行主要通过建立信用风险管理的体系来管理信用风险，这包括以下内容： 
 
(i)  信贷政策涵盖抵质押要求、信用和财务分析、风险评级和分类、贷前审查和贷后监督，及监管合规的要求；(ii)  授信审批和回检的权限； 
(iii)  对于借款人、特定行业和国家及发债人（债券投资）的敞口限额； 
(iv)  监控在审批权限内的信贷敞口情况。首都银行（中国）有限公司 2017 年度报告7发放贷款和垫款2.2 
 
2.2.1  按类别分布公司贷款和垫款贷款 
票据贴现 
贸易融资贷款和垫款总额 
 
减： 减值准备 
组合评估 
单项评估 
小计贷款和垫款净额2.2.2      按担保方式分析信用贷款 
保证贷款 
抵押贷款 
质押贷款 
 
合计流动性风险2017年2016年2,383,157,311.01 
39,043,081.75 
6,535,343.802,127,804,424.05- 
-2,428,735,736.562,127,804,424.05(27,783,196.54) 
(22,742,429.23) 
(50,525,625.77)(38,194,632.05) 
(14,156,232.70) 
(52,350,864.75)2,378,210,110.792,075,453,559.302017年2016年211,525,343.80 
  1,663,754,767.73 
210,348,910.89 
 
 
343,106,714.14167,866,526.35 
  1,219,045,000.00 
238,600,000.00 
 
 
502,292,897.702,428,735,736.562,127,804,424.053.流动性风险是指没有足够资金以满足到期债务支付的风险。本行流动性风险主
要来自存款人提前或集中提款、借款人延期偿还贷款、资产负债的金额与到期
日错配等。按照《中华人民共和国外资银行管理条例》及有关规定，本行保持资产流动比
例不得低于25%。同时，本行会根据资产及负债的不同期限对流动性风险做出
控制。本行制定的流动性风险控制政策主要包括：(i)  资金业务部门密切关注本外币头寸结构、期限、限额和维持流动性的成本； 
(ii)  资产负债委员会至少每月召开会议，讨论市场风险和流动性风险管理政
策、投资组合管理政策、银行资产/负债结构优化、以及汇率利率变动的预
测；(iii)  资金业务部门职责确保任何时候内部限额和流动性监管要求都能得到遵守。首都银行（中国）有限公司 2017 年度报告81个月内3个月至1年逾期/即时偿还1至3个月- 
 
 
- 
  105,367,500.00252,746,318.03 
  496,823,931.37 
 
-256,523.23 
 
 
- 
  1,060,404,512.71- 
 
 
- 
  1,151,266,565.30于2017年12月31日，本行未经折现的金融资产及金融负债的到期日分析如下： 
 
非衍生金融工具现金流 
 
现金及存放中央银行款项 
存放同业款项 
拆出资金 
以公允价值计量且其变动计 
入当期损益的金融资产 
买入返售金融资产 
发放贷款和垫款 
可供出售金融资产 
应收款项类投资 
其他金融资产 
 
金融资产合计 
 
同业存放款项 
拆入资金 
吸收存款 
其他金融负债 
 
金融负债合计 
 
信贷承诺30,000,000.00 
  135,041,424.66 
  185,764,758.47 
  102,431,400.50 
- 
 
 
-51,765,000.00 
 
 
- 
 1,365,496,075.35 
  264,788,159.70 
4,545,138.89 
 
 
983,151.45- 
 
 
- 
  129,523,438.01 
50,000,000.00 
 
1,487,500.00 
 
 
215,571.91- 
- 
19,153,053.54 
- 
- 
-886,400,957.86 
 
256,435.66- 
-- 
  815,260,660.97 
  901,839,339.39 
 
83,990.61- 
  116,503,092.73 
  524,676,930.37 
 
1,440,730.0018,335,368.80 
 
 
- 
 2,062,091,802.75 
 
185,348.632,080,612,520.181,717,183,990.97642,620,753.10886,657,393.5212,403,281.29157,202,004.46253,689,946.19366,602,877.44768,723,302.941,604,504,148.931,241,887,545.861,792,945,025.391,231,025,210.431至5年- 
- 
55,811,133.615年以上无期限合计- 
- 
-585,134,539.41 
- 
 
 
-838,137,380.67 
  496,823,931.37 
2,372,849,711.62- 
 
 
- 
  752,558,599.28 
  316,243,140.81 
  105,272,361.11 
 
1,139,975.62- 
 
 
- 
  281,932,446.46 
 
-281,932,446.46550,000.00- 
 
 
- 
  106,635,833.33 
45,052,000.00 
 
- 
 
 
-- 
- 
- 
- 
- 
-81,765,000.00 
  135,041,424.66 
  2,559,131,757.98 
778,514,701.01 
111,305,000.00 
2,338,698.98151,687,833.33585,134,539.417,375,907,606.29- 
- 
- 
---- 
- 
- 
--18,335,368.80 
 931,763,753.70 
  4,656,941,476.83 
 
1,966,504.905,609,007,104.23-790,448,109.38首都银行（中国）有限公司 2017 年度报告91至5年5年以上无期限合计1个月内1至3个月3个月至1年逾期/即时偿还284,596,965.42 
  214,866,851.64 
- 
 
 
- 
19,099,067.21 
 
- 
 
 
- 
-- 
 
  651,663,194.45 
  1,088,585,240.22 
  100,024,657.53 
  134,660,480.43 
2,462,617.50 
 
 
65,833.33 
5,113.01于2016年12月31日，本行未经折现的金融资产及金融负债的到期日分析如下： 
 
非衍生金融工具现金流 
 
现金及存放中央银行款项 
存放同业款项 
拆出资金 
买入返售金融资产 
发放贷款和垫款 
可供出售金融资产 
应收款项类投资 
其他金融资产 
 
金融资产合计 
 
同业存放款项 
拆入资金 
吸收存款 
其他金融负债 
 
金融负债合计 
 
信贷承诺424,407.20 
 
 
2,712,500.01 
  1,023,017,516.91 
 
- 
  190,053,560.39 
 
- 
1,831,666.67 
 
18,142.00- 
 
 
- 
  426,183,317.98 
 
- 
  884,205,759.52 
73,601,517.50 
 
 
88,860,277.78 
1,350,095.50- 
  416,377,105.22 
  908,148,037.59 
 
1,460.09- 
  138,889,577.40 
 1,025,854,219.34 
 
420,000.0012,364,038.84 
 
- 
 
 1,799,479,949.05 
 
112,442.80- 
  193,621,650.01 
  985,771,132.97 
 
227,304.931,811,956,430.691,324,526,602.901,165,163,796.745,648,553.41179,434,664.401,179,620,087.91273,372,424.70500,004,407.00518,562,884.271,977,467,136.471,218,057,793.181,474,200,968.281,297,824,096.10- 
- 
59,251,604.46776,688,127.36 
  348,283,087.39 
  109,481,478.25 
4,119,798.64--- 
 
- 
 
  127,099,615.64 
 
-127,099,615.64- 
 
- 
 
- 
 
 
- 
  265,588,750.00 
45,894,000.00 
 
 
- 
-593,307,985.98 
- 
 
- 
 
- 
 
- 
 
- 
 
 
- 
-878,329,358.60 
869,242,546.10 
2,597,037,679.57 
 
100,024,657.53 
  2,270,295,744.91 
470,241,222.39 
200,239,256.03 
5,493,149.15311,482,750.00593,307,985.987,390,903,614.28- 
- 
4,000,000.00 
-4,000,000.00-- 
- 
- 
---12,364,038.84 
 
748,888,332.63 
 
  4,850,352,954.59 
 
761,207.825,612,366,533.88958,460,049.51首都银行（中国）有限公司 2017 年度报告104.市场风险市场风险是指因市场价格出现不利变动而使本行表内和表外业务发生损失的
风险。本行市场风险主要包括外汇风险与利率风险。 
 
银行市场风险的管理框架包括董事会、由不同部门例如分行和资金部构成的高
级管理层和风险控制部门，例如风险管理部、营运部、会计财务部和内审部。
本行已经建立和完善了市场风险限额管理体系，细化和规范了市场风险管理的
流程和监控机制。 
 
敏感性分析是假定只有单一变量发生变化时对相关市场风险的影响。由于任何
风险变量很少孤立的发生变化，而变量之间存在的相关性对某一风险变量的变
化的最终影响金额将产生重大作用，因此敏感性分析的结果只能提供有限的市
场风险的信息。4.1汇率风险汇率风险主要是由于本行资产和负债的货币错配以及外汇交易引起的风险。本
行就市场汇率波动的影响，对外汇敞口进行相应的调整，以规避产生的汇率风
险。于2017年12月31日，本行的有关金融资产及金融负债按币种列示如下：人民币    美元折人民币欧元折人民币其他折人民币合计现金及存放中央银行款项  
790,136,765.58 
存放同业款项 
110,494,264.59 
 
拆出资金 
  1,080,000,000.00 
以公允价值计量且其47,735,732.76 
  255,663,994.35 
 1,264,367,700.00- 
  111,788,430.57 
-8,359.10 
  18,877,241.86 
-837,880,857.44 
  496,823,931.37 
  2,344,367,700.00变动计入当期损益的 
金融资产衍生金融资产 
买入返售金融资产 
发放贷款和垫款 
可供出售金融资产 
应收款项类投资 
其他金融资产 
 
金融资产合计 
 
同业存放款项 
拆入资金 
吸收存款 
其他金融负债 
 
金融负债合计 
 
资产负债净头寸 
 
信贷承诺79,699,850.00 
 
10,925.26 
 
135,000,000.00 
 
  2,371,740,120.49 
580,668,860.00 
 
99,000,000.00 
 
 
27,369,521.34- 
 
- 
 
- 
 
 
2,020,806.75 
  142,738,401.93 
 
- 
4,412,775.20- 
- 
- 
4,449,183.55 
- 
- 
4,394.26- 
- 
- 
- 
- 
- 
0.0979,699,850.00 
 
 
10,925.26 
  135,000,000.00 
  2,378,210,110.79 
  723,407,261.93 
99,000,000.00 
 
 
31,786,690.895,274,120,307.261,716,939,410.99116,242,008.38    18,885,601.057,126,187,327.683,501,172.47 
 
 
- 
  3,816,181,036.54 
 
21,011,794.3314,834,196.33 
  821,022,230.00 
  793,437,604.29 
 
4,536,781.88- 
  109,232,200.00 
 
88,271.561,408.78- 
- 
554,100.94 
1.3218,335,368.80 
  930,254,430.00 
  4,610,261,013.33 
 
25,549,986.313,840,694,003.341,633,830,812.50109,321,880.34554,102.265,584,400,798.441,433,426,303.9283,108,598.496,920,128.04    18,331,498.791,541,786,529.24678,445,433.76112,002,675.62--790,448,109.38首都银行（中国）有限公司 2017 年度报告11于2016年12月31日，本行的有关资产及负债按币种列示如下：人民币    美元折人民币欧元折人民币其他折人民币合计53,757,184.90 
  178,417,622.63 
 1,675,285,500.00 
- 
 
 
- 
15,587,022.78 
 
 
- 
3,357,800.133,141.92 
  10,114,644.17 
 
- 
- 
 
- 
 
- 
 
- 
 
 
-- 
  18,711,356.35 
 
- 
- 
 
- 
 
- 
 
- 
 
 
-877,904,951.40 
  864,866,851.64 
  2,575,285,500.00 
  100,000,000.00 
  2,075,453,559.30 
  418,878,897.67 
  189,353,039.11 
 
47,220,350.471,926,405,130.4410,117,786.09    18,711,356.357,148,963,149.5911,354,461.67 
  554,960,000.00 
  964,069,375.35 
 
3,961,472.911,534,345,309.93- 
- 
433,648.94-- 
- 
304,312.83 
-12,364,038.84 
  742,960,000.00 
  4,820,759,286.26 
 
23,927,476.04433,648.94304,312.835,600,010,801.14392,059,820.519,684,137.15    18,407,043.521,548,952,348.4564,201,248.51--958,460,049.51现金及存放中央银行款项  
824,144,624.58 
存放同业款项 
657,623,228.49 
 
拆出资金 
900,000,000.00 
 
买入返售金融资产 
 
100,000,000.00 
发放贷款和垫款 
  2,075,453,559.30 
可供出售金融资产 
403,291,874.89 
 
应收款项类投资 
189,353,039.11 
 
其他金融资产 
 
43,862,550.34 
 
金融资产合计 
 
同业存放款项 
拆入资金 
吸收存款 
其他金融负债 
 
金融负债合计 
 
资产负债净头寸 
 
信贷承诺1,009,577.17 
 
 
188,000,000.00 
  3,855,951,949.14 
 
19,966,003.135,193,728,876.714,064,927,529.441,128,801,347.27894,258,801.00以下是在其他变量不变的情况下，外币对本位币汇率可能发生的合理变动对税
前利润及权益的影响。变量变动 
 
对本位币贬值1% 
 
对本位币升值1%2017年对净损益  对其他综合收益  
的影响    的税后影响2016年对净损益  对其他综合收益 
的影响    的税后影响257,836.32   (1,070,538.01)    (3,033,645.32)(116,902.67)(257,836.32)   1,070,538.01    3,033,645.32116,902.67以上敏感性分析基于资产和负债具有静态的汇率风险结构，其计算了当其他因
素不变时，外币对人民币汇率的合理可能变动对税前利润及权益的影响。 
 
有关的分析基于以下假设： 
(1)    汇率敏感度是指外币对人民币于资产负债表日当天收盘(中间价)汇率绝对
值波动1%造成的汇兑损益； 
(2)  各币种汇率变动是指各币种对人民币汇率同时同向波动； 
(3)  该汇率风险敞口不包含资产负债表表外科目。基于上述假设，实际汇率变化导致本行汇兑损益出现的变化可能与此敏感性分
析的结果不同。首都银行（中国）有限公司 2017 年度报告124.2利率风险利率风险源于计息金融资产和计息金融负债的合同到期日或重定价日的不匹配。 
 
浮动利率工具使本行面临现金流利率风险，而固定利率工具使本行面临公允价值利率风险。浮动利率工具一般不到一年便会重新估价一次。
固定利率工具的利率在有关金融工具初始时固定，在到期日前不会改变。本行对浮动利率工具按照重定价日、对固定利率工具按照到期日管
理计息金融资产和计息金融负债的重定价情况。 
 
本行在经营中会对宏观经济形势进行适时分析和预测以降低因利率变动而引起的风险。根据预测提前调整本行相关资产负债的结构和期限。于2017年12月31日，本行的金融资产及金融负债按合同到期日或重定价日两者较早者分析如下： 
 
 
 
现金及存放中央银行款项  789,615,525.23 
存放同业款项 
 
496,823,931.37 
拆出资金 
  1,146,775,000.00 
以公允价值计量且其- 
 
 
- 
 1,042,052,000.00- 
 
 
- 
  100,000,000.00- 
- 
55,540,700.003个月至1年1个月内1至3个月1至5年5年以上已逾期/不计息合计- 
- 
-48,265,332.21 
- 
 
 
-837,880,857.44 
 
 
496,823,931.37 
  2,344,367,700.00变动计入当期损益的 
金融资产衍生金融资产 
买入返售金融资产 
发放贷款和垫款 
可供出售金融资产 
应收款项类投资 
其他金融资产 
 
金融资产合计 
 
同业存放款项 
拆入资金 
吸收存款 
其他金融负债 
 
金融负债合计 
 
利率风险缺口29,940,150.00 
10,925.26 
135,000,000.00 
176,458,144.45 
99,816,500.00 
- 
-- 
 
- 
 
- 
 
  112,430,375.63 
49,602,150.00 
 
- 
 
 
-49,759,700.00 
- 
 
 
- 
 1,307,491,149.96 
  246,028,900.00 
- 
 
 
-- 
 
- 
 
- 
 
  663,677,387.21 
  289,853,951.93 
99,000,000.00 
 
 
-- 
- 
- 
99,000,000.00 
38,105,760.00 
- 
-- 
 
- 
 
- 
 
  19,153,053.54  
- 
 
 
- 
  31,786,690.8979,699,850.00 
 
10,925.26 
 
135,000,000.00 
 
  2,378,210,110.79 
723,407,261.93 
 
99,000,000.00 
 
 
31,786,690.892,874,440,176.311,204,084,525.631,703,279,749.961,108,072,039.14137,105,760.0099,205,076.647,126,187,327.683,501,172.47 
 
 
814,272,380.00 
  2,949,688,647.96 
-- 
  115,982,050.00 
  520,904,287.18 
-- 
 
 
- 
  868,991,941.64 
-- 
 
 
- 
  268,794,343.82 
-3,767,462,200.43636,886,337.18868,991,941.64268,794,343.82- 
- 
- 
-14,834,196.33 
 
-  
  1,881,792.73  
  25,549,986.3118,335,368.80 
 
 
930,254,430.00 
  4,610,261,013.33 
25,549,986.31-42,265,975.375,584,400,798.44(893,022,024.12)    567,198,188.45834,287,808.32839,277,695.32137,105,760.0056,939,101.271,541,786,529.24首都银行（中国）有限公司 2017 年度报告13已逾期/不计息合计55,045,757.99 
- 
 
-  
 
 
- 
  19,099,067.21  
 
- 
 
- 
  47,220,350.46877,904,951.40 
 
 
864,866,851.64 
  2,575,285,500.00 
 
100,000,000.00 
  2,075,453,559.30 
 
418,878,897.67 
189,353,039.11 
 
 
47,220,350.46121,365,175.667,148,963,149.5812,364,038.84 
-  
 
 
-  
  23,927,476.0412,364,038.84 
 
 
742,960,000.00 
  4,820,759,286.26 
 
23,927,476.0436,291,514.885,600,010,801.1485,073,660.781,548,952,348.445年以上1个月内1至3个月1至5年3个月至1年- 
 
 
- 
 1,013,070,000.00 
 
- 
  174,794,361.09 
 
- 
- 
 
 
-于2016年12月31日，本行的金融资产及金融负债按合同到期日或重定价日两者较早者分析如下： 
 
 
 
现金及存放中央银行款项  822,859,193.41 
存放同业款项 
 
864,866,851.64 
拆出资金 
  1,083,881,000.00 
买入返售金融资产 
100,000,000.00 
 
发放贷款和垫款 
128,700,000.00 
 
可供出售金融资产 
 
- 
应收款项类投资 
- 
 
其他金融资产 
 
- 
 
金融资产合计 
 
同业存放款项 
拆入资金 
吸收存款 
其他金融负债 
 
金融负债合计 
 
利率风险缺口- 
 
- 
 
58,964,500.00 
 
 
- 
  664,446,319.23 
  318,151,247.67 
  189,353,039.11 
 
-- 
 
 
- 
  419,370,000.00 
 
- 
  840,913,811.77 
 
59,706,810.00 
- 
 
 
-- 
 
 
416,220,000.00 
  2,702,811,145.61 
 
-- 
  138,740,000.00 
 1,019,894,516.57 
 
-- 
 
 
- 
  118,562,727.09 
 
-- 
  188,000,000.00 
  975,490,896.99 
 
-3,000,307,045.051,187,864,361.0929,229,844.52156,499,724.781,112,352,378.923,119,031,145.611,158,634,516.571,163,490,896.99118,562,727.091,319,990,621.771,230,915,106.01(118,724,100.56)- 
 
- 
 
- 
 
 
- 
  247,500,000.00 
 
41,020,840.00 
- 
 
 
-284,520,840.00288,520,840.00- 
- 
4,000,000.00 
-4,000,000.00首都银行（中国）有限公司 2017 年度报告14以下是在其他变量不变的情况下，利率可能发生的合理变动对税前利润及对权
益方面的影响。变量变动2017年对净损益  对其他综合收益   对净损益 
的影响的税后影响的影响2016年对其他综合收益 
  的税后影响(459,007.48)91,846.80459,007.48(91,846.80)(389,510.09)   (2,588,168.76)利率增加100个基点  
 
利率减少100个基点   389,510.09    2,588,168.76   
 
以上敏感性分析基于资产和负债具有静态的利率风险结构。有关的分析仅衡量
一年内利率变化，反映为一年内本行资产和负债的重新定价对本行按年化计算
利息收入的影响，基于以下假设： 
 
(1)  所有在1个月内、1至3个月及3个月至1年内重新定价或到期的资产和负债
均假设在有关期间中间重新定价或到期； 
(2)  收益率曲线随利率变化而平行移动； 
(3)  资产和负债组合并无其他变化； 
(4)  此利率风险敞口不包含资产负债表表外科目。 
 
基于上述假设，利率增减导致本行利息净收入出现的实际变化可能与此敏感性
分析的结果不同。 
 
权益变动的敏感性分析是基于收益率曲线随利率变动而平移的假设，通过设定
利率变动一定百分比对年末可供出售金融资产公允价值进行重新估算得出的。5.          资本管理本行采用足够能够防范本行经营业务的固有风险的资本管理办法，并且对于资
本的管理符合监管当局的要求。本行资本管理的目标除了符合监管当局的要求
之外，还必须保持能够保障经营的资本充足率和使股东权益最大化。视乎经济
环境的变化和面临的风险特征，本行将积极调整资本结构。 
 
本行按照《商业银行资本管理办法(试行)》的规定，进行资本充足率信息披露
工作并持续完善信息披露内容。银监会要求商业银行核心一级资本充足率不得
低于百分之五，一级资本充足率不得低于百分之六，资本充足率不得低于百分
之八。 
 
本行会计财务部负责对资本项目进行管理。核心一级资本包括实收资本、资本
公积、其他综合收益可计入部分、盈余公积、一般风险准备和未分配利润；本
行无其他一级资本；二级资本主要包括超额贷款损失准备。首都银行（中国）有限公司 2017 年度报告15核心一级资本实收资本 
资本公积 
其他综合收益可计入部分 
盈余公积 
一般风险准备 
未分配利润核心一级扣除项目其他无形资产 
贷款损失准备缺口核心一级资本净额 
一级资本净额 
二级资本超额贷款减值准备总资本净额 
加权风险资产 
核心一级资本充足率 
一级资本充足率 
资本充足率2017年2016年1,593,029,108.92 
  1,500,000,000.00 
 
453,890.00 
(15,261,271.77) 
 
9,035,864.58 
 
93,982,383.23 
 
 
4,818,242.88 
7,403,011.85 
 
7,403,011.85 
 
 
- 
  1,585,626,097.07 
  1,585,626,097.07 
18,705,625.70 
 
 
18,705,625.70 
  1,604,331,722.77 
  5,502,319,086.84 
28.82% 
 
 
28.82% 
29.16%1,598,324,180.29 
  1,500,000,000.00 
 
453,890.00 
(5,334,662.91) 
 
8,572,710.83 
 
48,815,136.71 
 
 
45,817,105.66 
8,049,876.88 
 
8,049,876.88 
 
 
- 
  1,590,274,303.41 
  1,590,274,303.41 
19,397,441.04 
 
 
19,397,441.04 
  1,609,671,744.45 
  5,243,295,651.46 
30.33% 
 
 
30.33% 
30.70%本行的资本充足率及相关数据是以按中国企业会计准则编制的法定财务报表为基础进行计算的。本年度，本行遵守了监管部门规定的资本要求。三、公司治理事项我行公司治理架构的目标在于建立股东、董事会及管理层之间的权利与责任机制，以构建并维护管理责任。公司治理架构为董事会和管理层确立战略目标、监督经营表
现、实施风险管控提供了框架基础。我行公司治理架构的构建，是为了确保董事会对经营和风险敞口进行审核与监督，并独立于管理层做出决策。我们的目标是在遵守法律法规的前提下，将股东、管理层
及其他利益相关者的利益结合起来。公司治理架构规范了董事会的如下机制：1.    董事会成员构成及继任者计划； 
2.    独立董事制度及在关键委员会中的领导作用； 
3.    董事会会议及高级管理层的参与； 
4.    董事会及专门委员会评价制度； 
5.    风险监督；及 
6.    战略规划及财务规划等。具体的公司治理架构情况如下： 
 
1． 股东菲律宾首都银行信托及基金有限公司作为首都银行（中国）的唯一股东，切实有效首都银行（中国）有限公司 2017 年度报告16地履行了股东的职责。首都银行（中国）组织架构设置情况如下：2． 董事会董事会有权决定除股东决定事宜以外的一切重大事宜，2017年银行董事会包含9位董事，其中含2位独立董事。Arthur V. Ty 先生林桂仙女士林大镒先生黄振东先生 
张惠彬先生Edmund Go 先生柯建仁先生彭子杰先生李建鸿先生董事会主席董事会副主席执行董事、总裁执行董事 
非执行董事非执行董事非执行董事独立董事独立董事董事会在决策、授权、表决等方面严格按照法律法规及章程执行程序。全体董事均
认真负责地参加董事会，了解作为董事的权利、义务和责任，勤勉尽职，注重维护银行
和全体股东的利益。董事会形成了有效的决策和监督机制。2017年度，本行共召开了四
次董事会和两次临时会议。3． 监事 
我行设监事，以设置独立、公正对董事会和高级管理层履职行为的监督机制，以防首都银行（中国）有限公司 2017 年度报告17止董事会、高级管理人员的行为损害我行、股东、存款人的合法权益及其他利益。本年度监事列席参与商讨了所有董事会会议并审阅了会议的材料和会议记录及专业委员会会议的材料和会议记录，积极履行了监事的职责。4． 董事会层级的专业委员会为确保董事会的相应决策能保持依法合规、并符合公司战略目标，我行在董事会决
策层设置了执行委员会、审计委员会、风险管理委员会、关联交易控制委员会和提名及
薪酬委员会，负责监督管理层执行董事会所批准的战略、风险及营运政策的情况。各专门委员会履行了经董事会授权的职权范围中规定的角色和责任。在2017年，执
行委员会共召开了十一次常规会议和五次临时会议，风险管理委员会共召开了四次常规
会议和五次临时会议，审计委员会共召开了四次常规会议和一次临时会议，关联交易控
制委员会共召开了四次常规会议和三次临时会议，提名及薪酬委员会共召开了两次常规
会议。5． 管理层的专门委员会 
 
为保证管理层的执行决策符合董事会的决议、确保日常经营能符合相关监管政策和
监管指标的要求、确保日常业务的开展符合经营发展及风险控制的要求，我行在管理决
策层设置了信贷委员会、资产负债委员会、信息技术委员会和反洗钱工作委员会。在2017年，各管理层的专门委员会积极履行了相应的责任。 
 
6． 总行高级管理层成员构成 
 
首都银行（中国）的行长（总裁）为林大镒先生，副行长为黄振东先生、褚晓路先生，首席财务官为刘星朗先生。首都银行（中国）有限公司 2017 年度报告18四、业务范围我行的经营范围为： 
在中国境内经营下列全部外汇业务以及除中国境内公民以外客户的人民币业务： 
(一)吸收公众存款； 
(二)发放短期、中期和长期贷款； 
(三)办理票据承兑与贴现； 
(四)买卖政府债券、金融债券，买卖股票以外的其他外币有价证券； 
(五)提供信用证服务及担保； 
(六)办理国内外结算； 
(七)买卖、代理买卖外汇； 
(八)代理保险； 
(九)从事同业拆借； 
(十)提供保管箱服务； 
(十一)提供资信调查和咨询服务； 
(十二)银行业监督管理委员会批准的其他业务。首都银行（中国）有限公司 2017 年度报告19五、分支行一览及联系方式首都银行（中国）网络    地址电话传真首都银行中国总部江苏省南京市建邺区江东中路 289 号联强国际大厦 35 楼025 68551888025 6858414/ 68584141总行营业部江苏省南京市建邺区江东中路 289 号联强国际大厦 1 楼400 864 9000025 68584400南京分行江苏省南京市建邺区乐山路 189 号碧瑶花园 32 幢 1 楼025 89667866025 89667862常州分行常州市钟楼区北大街正方京城购物中心 8 号0519 880616110519 88061617（1F） 
0519 88061616（2F）常州新北支行常州市新北区通江中路 58 号福地聚龙苑 8 号0519 880615630519 88061598常州武进支行常州市武进万达广场 13 幢 101、102 号0519 880616110519 89882621上海分行上海市长宁区延安西路 1152 号首信银都大厦 1 楼和 3 楼021 61918118021 61910711 (1F) 
021 61910722 (2F) 
021 61918283 (3F)上海浦东支行上海市浦东新区福山路 455 号全华信息大厦 103 室021 68860008021 68860007泉州分行泉州市丰泽区丰泽街 666 号南益广场 1302-1303 室0595 298893990595 29889377首都银行（中国）有限公司 2017 年度报告20